corpus_bleu_score = [0.15029243623546495, 0.03461620797143799, 0.008089586198024665, 2.640134384862736e-79]
sacre_blue_score = {'score': 0.27350763329399225, 'counts': [2010, 105, 5, 0], 'totals': [5150, 4800, 4450, 4100], 'precisions': [39.029126213592235, 2.1875, 0.11235955056179775, 0.012195121951219513], 'bp': 0.46766642700990924, 'sys_len': 5150, 'ref_len': 9064}
rouge_scores = {'rouge-1': {'f': 0.18306015317031457, 'p': 0.3308215615244285, 'r': 0.1381729750329037}, 'rouge-2': {'f': 0.009371355447331801, 'p': 0.01956351217501044, 'r': 0.006509057773097183}, 'rouge-l': {'f': 0.15830233442847974, 'p': 0.2748223475759569, 'r': 0.121271999149473}}
wer_scores = 0.989627900946454
cer_scores = 0.8408704296918149
corpus_bleu_score_with_tf = [0.12688808678498914, 0.02813721148501938, 2.5273137939509937e-104, 2.39523552433008e-155]
sacre_blue_score_with_tf = {'score': 0.11713671921639479, 'counts': [1333, 67, 0, 0], 'totals': [9309, 8959, 8609, 8259], 'precisions': [14.319475776130627, 0.7478513226922647, 0.005807875479149727, 0.0030270008475602374], 'bp': 1.0, 'sys_len': 9309, 'ref_len': 9064}
rouge_scores_with_tf = {'rouge-1': {'f': 0.05975032930334347, 'p': 0.16504308390022682, 'r': 0.037406000761178726}, 'rouge-2': {'f': 0.008237943817151152, 'p': 0.024642857142857143, 'r': 0.005062487512487512}, 'rouge-l': {'f': 0.061257728194839184, 'p': 0.16503741496598648, 'r': 0.03874684510147813}}
wer_scores_with_tf = 0.9745883573188124
cer_scores_with_tf = 0.9174859162708494
